METEOSAT-7              
1 24932U 97049B   17177.80357134 -.00000168  00000-0  00000-0 0  9999
2 24932  10.6647  37.2444 0009796 316.6889  43.2216  0.98310813 72530
NOAA 15                 
1 25338U 98030A   17178.95188575  .00000055  00000-0  42190-4 0  9993
2 25338  98.7813 189.8842 0010772 169.2503 190.8909 14.25801929994270
METEOSAT-8 (MSG-1)      
1 27509U 02040B   17178.81024277  .00000121  00000-0  00000-0 0  9998
2 27509   4.8599  58.3301 0001360 205.7260 344.9705  1.00271701 54406
KALPANA-1 (METSAT 1)    
1 27525U 02043A   17177.18596911 -.00000100  00000-0  00000-0 0  9995
2 27525   6.3648  55.1839 0012175 231.5529 128.2283  1.00272900 54190
INSAT-3A                
1 27714U 03013A   17178.85475260  .00000044  00000-0  00000-0 0  9997
2 27714   1.1796  87.9747 0012644 239.7530 323.5724  0.99796654 52025
NOAA 18                 
1 28654U 05018A   17178.82272733 -.00000028  00000-0  98769-5 0  9992
2 28654  99.1816 201.2969 0015095  45.4674 314.7727 14.12340762623664
METEOSAT-9 (MSG-2)      
1 28912U 05049B   17178.80943473  .00000041  00000-0  00000-0 0  9997
2 28912   2.2245  71.1320 0000369 294.6388 210.9346  1.00271334 42182
HIMAWARI-7 (MTSAT-2)    
1 28937U 06004A   17178.69840934 -.00000262  00000-0  00000-0 0  9997
2 28937   0.0430 126.0335 0003773 341.8643 204.5300  1.00272426 41493
FORMOSAT-3 FM6          
1 29047U 06011A   17178.41052599 -.00000005  00000-0  14141-4 0  9990
2 29047  71.9779 166.3261 0049125 136.2826 224.2218 14.28585708586220
FORMOSAT-3 FM1          
1 29048U 06011B   17178.24985669  .00000045  00000-0  34169-4 0  9990
2 29048  71.9681  78.7976 0042539  90.7031 269.8980 14.28519869588684
FORMOSAT-3 FM5          
1 29049U 06011C   17178.58617375  .00000054  00000-0  37627-4 0  9996
2 29049  72.0198 243.6218 0033678 128.4208 231.9961 14.28572434584515
FORMOSAT-3 FM3          
1 29050U 06011D   17178.85379846  .00000173  00000-0  47002-4 0  9996
2 29050  72.0155 139.7594 0048900 139.1415 221.3421 14.58519311598129
FORMOSAT-3 FM4          
1 29051U 06011E   17178.32727541  .00000015  00000-0  21818-4 0  9990
2 29051  72.0049 148.2082 0068361   1.3638 358.7671 14.28594199587066
FORMOSAT-3 FM2          
1 29052U 06011F   17178.54075457  .00000065  00000-0  41729-4 0  9995
2 29052  72.0334 218.7569 0038441  88.9326 271.6215 14.28688517584598
GOES 13                 
1 29155U 06018A   17178.44231198 -.00000269  00000-0  00000-0 0  9991
2 29155   0.1515 271.8857 0004018 179.2394 268.9072  1.00279328 10537
METOP-A                 
1 29499U 06044A   17178.93277841  .00000004  00000-0  21842-4 0  9997
2 29499  98.6774 238.3727 0001985 120.4713 357.6845 14.21500791554483
FENGYUN 2D              
1 29640U 06053A   17177.09699874 -.00000380  00000-0  10000-3 0  9996
2 29640   4.4691  64.3486 0004813 325.3176  43.4041  1.00270295 38699
FENGYUN 3A              
1 32958U 08026A   17170.68112436  .00000007  00000-0  22788-4 0  9998
2 32958  98.4089 199.2336 0008550 278.2925  81.7214 14.19664016469687
FENGYUN 2E              
1 33463U 08066A   17178.79214486 -.00000222  00000-0  00000-0 0  9991
2 33463   2.2038  67.0720 0004645 220.6541   0.1005  1.00275853 31233
NOAA 19                 
1 33591U 09005A   17178.89661439  .00000080  00000-0  68392-4 0  9995
2 33591  99.0931 145.8742 0012986 240.3479 119.6399 14.12190226431903
GOES 14                 
1 35491U 09033A   17178.52371263 -.00000111  00000-0  00000-0 0  9994
2 35491   0.2877 101.5378 0005161 115.6252 142.7865  1.00269620 29301
METEOR-M 1              
1 35865U 09049A   17178.80195181 -.00000010  00000-0  13960-4 0  9991
2 35865  98.4211 200.0239 0003575 108.6024 251.5543 14.22112966403614
GOES 15                 
1 36411U 10008A   17178.60989327  .00000071  00000-0  00000-0 0  9990
2 36411   0.2223 102.3110 0002049  67.2486 190.4300  1.00271468 26826
COMS 1                  
1 36744U 10032A   17178.84837777 -.00000364  00000-0  00000-0 0  9999
2 36744   0.0135  48.5178 0000625  45.5335 255.6817  1.00269796 18234
FENGYUN 3B              
1 37214U 10059A   17178.92302328 -.00000018  00000-0  13611-4 0  9991
2 37214  98.8960 137.8265 0017980 107.1112 253.2038 14.15853480344068
ELEKTRO-L 1 (GOMS 2)    
1 37344U 11001A   17177.59108086 -.00000304  00000-0  00000-0 0  9992
2 37344   2.4589  77.9730 0003925 285.1619  74.2975  1.00198351 23620
SUOMI NPP               
1 37849U 11061A   17178.86763010  .00000005  00000-0  23070-4 0  9996
2 37849  98.7356 117.4390 0001820  96.5073 315.9535 14.19551926293612
FENGYUN 2F              
1 38049U 12002A   17178.96781793 -.00000377  00000-0  00000-0 0  9991
2 38049   1.7377  78.0944 0003754 187.7889 110.9125  1.00267244 20030
METEOSAT-10 (MSG-3)     
1 38552U 12035B   17178.23493893 -.00000025  00000-0  00000-0 0  9997
2 38552   0.8585 353.8678 0001814 134.5794 231.5580  1.00268515 18032
METOP-B                 
1 38771U 12049A   17178.94837963 -.00000004  00000-0  17932-4 0  9996
2 38771  98.6780 238.9405 0001323 141.4594 222.0307 14.21502727247813
FENGYUN 3C              
1 39260U 13052A   17178.90435393 -.00000026  00000-0  79485-5 0  9998
2 39260  98.6476 248.3559 0000989  51.9009 308.2253 14.19649767194908
METEOR-M 2              
1 40069U 14037A   17175.91005207 -.00000044  00000-0 -35749-6 0  9993
2 40069  98.6537 230.4751 0005310 181.3321 178.7846 14.20642768153650
HIMAWARI-8              
1 40267U 14060A   17178.84226955 -.00000295  00000-0  00000-0 0  9992
2 40267   0.0170 325.1128 0000647 185.0007 209.8757  1.00272528  9902
FENGYUN 2G              
1 40367U 14090A   17178.96504501 -.00000349  00000-0  00000-0 0  9995
2 40367   0.4148 254.2582 0004079 354.6570 119.3030  1.00276605  9190
METEOSAT-11 (MSG-4)     
1 40732U 15034A   17177.91528959 -.00000047  00000-0  00000-0 0  9992
2 40732   1.8057 240.5388 0000726 262.1735  98.4434  1.00269607  7189
ELEKTRO-L 2             
1 41105U 15074A   17178.26299140 -.00000117  00000-0  00000-0 0  9995
2 41105   0.0482 136.4353 0002333 324.0516 345.8737  1.00272175  5663
HIMAWARI-9              
1 41836U 16064A   17177.84465483 -.00000294  00000-0  00000-0 0  9990
2 41836   0.0241 299.5651 0000831 169.8426 250.5881  1.00270429  2440
GOES 16                 
1 41866U 16071A   17178.48248155 -.00000202  00000-0  00000-0 0  9996
2 41866   0.0421 184.3436 0000438 220.7436 314.9021  1.00272098  2250
FENGYUN 4A              
1 41882U 16077A   17177.76834385 -.00000348  00000-0  00000-0 0  9997
2 41882   0.0354 181.9713 0008954 264.0184 210.3448  1.00266981  2117
CYGFM05                 
1 41884U 16078A   17178.81936248  .00000336  00000-0  20098-4 0  9997
2 41884  34.9572 319.1080 0015623  76.3156 283.9293 15.13584306 29456
CYGFM04                 
1 41885U 16078B   17178.76946637  .00000343  00000-0  20226-4 0  9996
2 41885  34.9504 318.6008 0014077  74.8189 285.4077 15.13991087 29452
CYGFM02                 
1 41886U 16078C   17178.78754631  .00000386  00000-0  22604-4 0  9999
2 41886  34.9595 318.8803 0014677  74.8532 285.3801 15.13882125 29452
CYGFM01                 
1 41887U 16078D   17178.82551114  .00000341  00000-0  20352-4 0  9995
2 41887  34.9539 319.1120 0015990  77.0369 283.2127 15.13559298 29459
CYGFM08                 
1 41888U 16078E   17178.80711336  .00001617  00000-0  89362-4 0  9991
2 41888  34.9510 318.9191 0015221  76.2420 283.9984 15.13718180 29444
CYGFM06                 
1 41889U 16078F   17178.81881342  .00000360  00000-0  21068-4 0  9991
2 41889  34.9589 318.1766 0013431  73.8859 286.3330 15.14141819 29454
CYGFM07                 
1 41890U 16078G   17178.80641924  .00000355  00000-0  20732-4 0  9993
2 41890  34.9528 317.9872 0013235  74.6464 285.5709 15.14232263 29452
CYGFM03                 
1 41891U 16078H   17178.80132398  .00000356  00000-0  20814-4 0  9996
2 41891  34.9560 317.9909 0012717  74.3155 285.8958 15.14238184 29455
